Sample	Sense	Antisense	Undetermined
SRX063252	97.38	0.62	2.0
SRX063253	93.86	0.88	5.26
SRX063254	95.0	1.0	4.0
SRX10864008	45.93	41.760000000000005	12.31
SRX10864009	45.0	41.199999999999996	13.8
SRX10864010	44.690000000000005	41.3	14.01
SRX10864011	46.35	41.22	12.43
SRX10864012	45.68	40.71	13.61
SRX10864013	44.47	41.79	13.74
SRX10864014	44.81	40.79	14.399999999999999
SRX10864015	44.26	39.92	15.82
SRX10864016	46.11	39.519999999999996	14.37
SRX11229889	3.5900000000000003	37.980000000000004	58.43000000000001
SRX11313113	8.41	50.09	41.5
SRX11402692	7.9399999999999995	54.25	37.81
SRX11402693	4.63	59.14	36.230000000000004
SRX15590299	0.0	0.0	100.0
SRX15590300	0.0	25.0	75.0
SRX15590302	100.0	0.0	0.0
SRX15590303	50.0	0.0	50.0
SRX15590304	0.0	20.0	80.0
SRX15590305	0.0	0.0	100.0
SRX15590307	0.0	0.0	100.0
SRX15590310	0.0	50.0	50.0
SRX15590311	0.0	0.0	100.0
SRX15590312	0.0	0.0	100.0
SRX15590313	0.0	0.0	100.0
SRX15590316	0.0	0.0	100.0
SRX15590317	0.0	0.0	100.0
SRX15590318	0.0	0.0	100.0
SRX15590319	0.0	0.0	100.0
SRX15630037	5.43	56.74	37.830000000000005
SRX15630038	4.390000000000001	62.19	33.42
SRX15630039	7.61	82.74000000000001	9.64
SRX15630040	9.71	78.9	11.39
SRX15630041	7.7	55.33	36.97
SRX15630042	15.290000000000001	71.48	13.23
SRX15630043	7.64	73.50999999999999	18.85
SRX15630044	6.09	81.53	12.379999999999999
SRX15630045	4.42	85.05	10.530000000000001
SRX15630046	8.57	80.07	11.360000000000001
SRX15630047	8.98	81.42	9.6
SRX15630048	5.29	79.17999999999999	15.53
SRX15947806	13.569999999999999	30.04	56.38999999999999
SRX15947807	16.830000000000002	19.5	63.67
SRX15947808	12.33	34.160000000000004	53.5
SRX15947809	14.46	32.93	52.6
SRX15947810	9.55	49.32	41.13
SRX15947812	9.22	43.580000000000005	47.199999999999996
SRX15947813	5.89	51.559999999999995	42.55
SRX15947814	9.76	42.78	47.46
SRX15947815	18.16	18.2	63.629999999999995
SRX15947816	16.28	18.22	65.5
SRX17839586	1.3599999999999999	64.59	34.050000000000004
SRX17839587	1.31	65.47	33.21
SRX17839588	1.58	66.4	32.01
SRX17839589	1.3599999999999999	88.12	10.52
SRX17839590	1.6	87.02	11.37
SRX17839591	1.03	87.63	11.34
SRX18913104	15.370000000000001	68.93	15.7
SRX18913105	12.23	52.290000000000006	35.480000000000004
SRX18913106	12.33	63.81	23.86
SRX18913107	7.41	42.99	49.6
SRX18913108	8.19	47.64	44.17
SRX18913109	7.2700000000000005	50.480000000000004	42.26
SRX18913110	4.83	69.17	26.009999999999998
SRX18913111	11.31	54.75	33.94
SRX18913112	9.25	61.419999999999995	29.34
SRX18913114	10.32	56.00000000000001	33.68
SRX18913115	9.719999999999999	56.79	33.489999999999995
SRX2356912	7.32	63.41	29.270000000000003
SRX2356913	5.21	72.92	21.88
SRX2356914	2.3	83.91	13.79
SRX2356915	3.5999999999999996	85.59	10.81
SRX2356916	6.7299999999999995	77.88000000000001	15.379999999999999
SRX2356917	4.12	80.41	15.459999999999999
SRX2356918	1.16	80.23	18.6
SRX2356919	2.36	72.44	25.2
SRX2356920	7.580000000000001	66.67	25.759999999999998
SRX2356921	8.33	42.71	48.96
SRX2356922	8.01	28.599999999999998	63.39
SRX2356923	9.75	46.61	43.64
SRX2356924	7.59	47.589999999999996	44.83
SRX2356925	10.639999999999999	55.32	34.04
SRX2356926	6.25	57.29	36.46
SRX2356927	7.9399999999999995	55.559999999999995	36.51
SRX2356928	13.04	60.870000000000005	26.090000000000003
SRX2356929	6.76	78.38000000000001	14.860000000000001
SRX2356930	12.770000000000001	72.34	14.89
SRX2356931	3.2300000000000004	83.87	12.9
SRX2356932	6.25	81.25	12.5
SRX2356933	4.5	33.6	61.9
SRX2356934	10.34	33.17	56.489999999999995
SRX2356935	5.81	53.879999999999995	40.31
SRX259777	38.879999999999995	35.14	25.97
SRX259778	39.71	36.95	23.34
SRX259779	40.489999999999995	37.09	22.42
SRX259780	41.03	38.5	20.46
SRX259781	37.86	38.0	24.14
SRX259783	38.67	33.7	27.63
SRX259784	38.81	35.730000000000004	25.46
SRX259785	38.39	36.53	25.080000000000002
SRX259786	39.739999999999995	37.38	22.88
SRX259787	39.45	35.53	25.019999999999996
SRX259788	39.12	36.3	24.58
SRX259789	34.31	35.77	29.93
SRX259790	34.21	35.56	30.23
SRX259791	36.8	33.96	29.24
SRX259792	37.09	35.55	27.36
SRX259793	37.830000000000005	34.589999999999996	27.589999999999996
SRX3159653	6.9	61.28	31.819999999999997
SRX3159654	5.2	65.5	29.299999999999997
SRX3159655	5.26	66.93	27.810000000000002
SRX3159656	5.24	65.81	28.95
SRX3159657	7.960000000000001	48.67	43.37
SRX3159658	6.419999999999999	47.22	46.36
SRX3159659	7.670000000000001	44.99	47.339999999999996
SRX3159660	8.72	46.88	44.41
SRX3159661	5.99	53.12	40.89
SRX3159662	7.33	50.94	41.730000000000004
SRX3159663	7.23	56.35	36.42
SRX3159664	7.430000000000001	58.47	34.1
SRX3159665	8.24	50.83	40.93
SRX3159666	10.100000000000001	53.949999999999996	35.949999999999996
SRX3159667	8.08	47.3	44.629999999999995
SRX3159668	7.630000000000001	46.56	45.800000000000004
SRX3172761	7.91	64.87	27.22
SRX3172762	6.49	60.14000000000001	33.37
SRX3172763	7.86	61.88	30.259999999999998
SRX3172764	6.84	62.33	30.830000000000002
SRX3172765	7.430000000000001	62.019999999999996	30.55
SRX3172766	9.86	65.48	24.66
SRX3176780	4.569999999999999	64.27000000000001	31.16
SRX3176781	7.109999999999999	61.27	31.630000000000003
SRX3176782	3.5000000000000004	76.97	19.53
SRX3176783	4.14	74.94	20.919999999999998
SRX3176784	5.41	73.75	20.849999999999998
SRX3176785	3.93	76.35	19.72
SRX3176786	3.2399999999999998	73.92	22.84
SRX3176787	4.78	66.82000000000001	28.4
SRX3176788	4.79	63.68000000000001	31.53
SRX3176789	9.77	39.22	51.01
SRX3176790	10.45	40.94	48.61
SRX3176791	9.2	44.06	46.73
SRX3176792	8.690000000000001	52.43	38.879999999999995
SRX3176793	6.04	58.8	35.160000000000004
SRX3176794	6.279999999999999	57.66	36.059999999999995
SRX3176795	6.3100000000000005	50.970000000000006	42.72
SRX3176796	7.19	43.36	49.44
SRX3176797	4.279999999999999	44.519999999999996	51.2
SRX3176798	9.33	61.78	28.89
SRX3176799	6.140000000000001	69.32000000000001	24.55
SRX3176800	5.6899999999999995	69.53	24.779999999999998
SRX3176801	3.3300000000000005	73.2	23.48
SRX3176802	7.48	72.61999999999999	19.900000000000002
SRX3176803	2.8000000000000003	83.17	14.02
SRX3176804	5.21	73.07000000000001	21.72
SRX3176805	3.2800000000000002	72.78	23.94
SRX3176806	6.15	63.38	30.459999999999997
SRX3176807	7.090000000000001	60.36	32.550000000000004
SRX3176808	6.38	65.55	28.07
SRX3176809	6.49	67.74	25.77
SRX3176810	4.68	70.42	24.89
SRX3176811	3.9800000000000004	78.19	17.83
SRX3176812	2.7	77.46	19.830000000000002
SRX3176813	3.1	75.14999999999999	21.759999999999998
SRX3176814	6.35	68.65	25.0
SRX3176815	5.63	71.61999999999999	22.75
SRX3211301	6.0	57.010000000000005	36.99
SRX3211302	6.22	45.39	48.39
SRX3211303	5.57	61.5	32.93
SRX3211304	8.48	38.25	53.28000000000001
SRX3211305	7.180000000000001	33.4	59.419999999999995
SRX3211306	4.81	54.449999999999996	40.739999999999995
SRX3211307	4.67	50.839999999999996	44.48
SRX3211308	6.529999999999999	49.11	44.36
SRX3211309	6.2700000000000005	48.49	45.24
SRX3211310	9.02	44.31	46.67
SRX3211311	6.68	50.54	42.77
SRX3211312	6.419999999999999	66.47999999999999	27.1
SRX3211313	5.4	57.36	37.230000000000004
SRX3211314	6.12	63.4	30.48
SRX3211315	4.8	58.9	36.3
SRX3211316	2.69	54.1	43.2
SRX3211317	5.59	59.209999999999994	35.199999999999996
SRX3211318	6.59	61.650000000000006	31.759999999999998
SRX3211319	7.21	54.15	38.64
SRX3211321	8.25	29.59	62.160000000000004
SRX3211322	3.49	62.839999999999996	33.67
SRX3211323	4.130000000000001	58.78	37.08
SRX3211324	3.39	46.88	49.74
SRX3211325	4.3999999999999995	54.53	41.06
SRX3211326	10.59	47.07	42.35
SRX3211327	5.6899999999999995	49.36	44.96
SRX3211328	4.36	45.64	50.0
SRX3211329	7.68	46.48	45.839999999999996
SRX3211330	8.1	56.699999999999996	35.199999999999996
SRX3211331	5.47	51.980000000000004	42.54
SRX3211332	3.32	53.52	43.16
SRX3211333	5.47	58.809999999999995	35.72
SRX3211334	4.41	69.82000000000001	25.77
SRX3211335	5.47	65.2	29.330000000000002
SRX3211336	1.6400000000000001	73.3	25.05
SRX3211337	5.48	57.48	37.04
SRX3211338	2.93	55.67999999999999	41.4
SRX3211339	4.71	56.28999999999999	39.0
SRX3211340	3.92	63.5	32.58
SRX3211341	5.16	56.06	38.78
SRX3211342	7.12	58.620000000000005	34.260000000000005
SRX3211343	3.2300000000000004	62.529999999999994	34.239999999999995
SRX3211344	4.130000000000001	66.94	28.93
SRX3211345	3.71	62.59	33.7
SRX3211346	3.18	66.67	30.15
SRX3211347	8.59	52.51	38.9
SRX3211348	6.419999999999999	48.32	45.26
SRX3211349	14.64	37.69	47.67
SRX3211350	6.01	50.63999999999999	43.35
SRX3211351	7.920000000000001	50.449999999999996	41.63
SRX3211352	6.05	54.22	39.73
SRX3211353	2.98	57.64	39.39
SRX3211354	4.37	59.18	36.449999999999996
SRX3211355	4.24	51.019999999999996	44.75
SRX3211356	6.12	42.9	50.980000000000004
SRX3211357	2.58	47.58	49.830000000000005
SRX3211358	6.5	54.169999999999995	39.34
SRX3211359	12.120000000000001	55.489999999999995	32.39
SRX3211360	4.81	60.49	34.71
SRX3312459	5.510000000000001	55.66	38.83
SRX3312460	7.670000000000001	53.55	38.79
SRX3312461	6.0600000000000005	61.62	32.32
SRX3312462	5.72	68.2	26.08
SRX3312463	5.3	67.44	27.26
SRX3312464	5.27	64.66	30.070000000000004
SRX3312465	3.6999999999999997	70.55	25.75
SRX3312466	5.16	72.91	21.92
SRX3312467	4.82	71.41	23.78
SRX3312468	8.62	47.42	43.96
SRX3312469	7.829999999999999	44.21	47.96
SRX3312470	7.86	47.339999999999996	44.81
SRX3312471	5.76	55.48	38.76
SRX3312472	5.89	50.760000000000005	43.35
SRX3312473	6.0600000000000005	47.88	46.06
SRX3312474	5.93	48.26	45.800000000000004
SRX3312475	6.17	45.82	48.0
SRX3312476	4.62	44.24	51.13999999999999
SRX3312477	7.13	54.669999999999995	38.2
SRX3312478	4.81	58.74	36.449999999999996
SRX3312479	6.260000000000001	62.99	30.75
SRX3312480	3.82	68.34	27.839999999999996
SRX3312481	3.35	70.98	25.679999999999996
SRX3312482	4.09	66.47	29.439999999999998
SRX3312483	4.17	70.52000000000001	25.31
SRX3312484	5.12	71.39	23.49
SRX3312485	5.79	66.24	27.97
SRX3312486	9.01	41.56	49.43
SRX3312487	6.38	42.32	51.300000000000004
SRX3312488	7.829999999999999	43.309999999999995	48.86
SRX3312489	8.35	50.839999999999996	40.81
SRX3312490	7.35	56.489999999999995	36.16
SRX3312491	5.19	51.66	43.15
SRX3312492	5.6899999999999995	58.209999999999994	36.1
SRX3312493	3.91	56.54	39.550000000000004
SRX3312494	7.180000000000001	51.85999999999999	40.96
SRX359366	4.8500000000000005	40.78	54.37
SRX359367	13.389999999999999	46.43	40.18
SRX359368	7.89	46.489999999999995	45.61
SRX359369	3.2300000000000004	70.32000000000001	26.450000000000003
SRX359370	9.33	57.99999999999999	32.67
SRX359371	5.65	56.45	37.9
SRX359372	7.960000000000001	53.98	38.05
SRX359373	5.9799999999999995	56.410000000000004	37.61
SRX359374	5.66	47.17	47.17
SRX359375	9.84	55.74	34.43
SRX359376	5.04	64.03	30.94
SRX359377	6.94	65.97	27.08
SRX359378	2.7	59.46	37.84
SRX359379	7.249999999999999	55.06999999999999	37.68
SRX359380	13.04	47.83	39.129999999999995
SRX359381	4.9399999999999995	49.38	45.68
SRX359382	11.219999999999999	46.94	41.839999999999996
SRX359383	8.42	48.42	43.16
SRX4105497	3.6999999999999997	68.17	28.13
SRX4105498	4.55	61.57	33.879999999999995
SRX4105499	2.69	73.66	23.66
SRX4105500	3.2800000000000002	68.85	27.87
SRX4105501	4.4799999999999995	65.16999999999999	30.349999999999998
SRX4105502	12.950000000000001	70.5	16.55
SRX4105503	5.86	67.71000000000001	26.43
SRX4105504	6.09	60.92999999999999	32.97
SRX4105505	4.6899999999999995	66.67	28.65
SRX4105506	0.0	0.0	100.0
SRX4105507	0.0	0.0	100.0
SRX4105508	6.9	75.86	17.24
SRX4105509	3.6799999999999997	72.63	23.68
SRX4105510	7.84	71.24000000000001	20.919999999999998
SRX4105511	2.6599999999999997	39.26	58.08
SRX4105512	3.9800000000000004	47.46	48.57
SRX4105513	6.2	57.75	36.05
SRX4105514	4.19	46.56	49.25
SRX4105515	2.13	57.45	40.43
SRX4105516	4.63	64.29	31.080000000000002
SRX4105517	1.44	71.22	27.339999999999996
SRX4105518	0.0	72.38	27.62
SRX4105519	0.0	98.15	1.8499999999999999
SRX4105520	3.64	63.63999999999999	32.73
SRX4105521	10.71	57.14	32.14
SRX4105522	5.2	67.34	27.46
SRX4105523	0.0	84.09	15.909999999999998
SRX4105524	8.82	82.35	8.82
SRX4105525	2.12	64.71000000000001	33.17
SRX4105526	7.6899999999999995	39.28	53.02
SRX4105527	4.4799999999999995	58.01	37.51
SRX4105529	4.21	64.77000000000001	31.019999999999996
SRX4105530	2.9499999999999997	60.11	36.94
SRX4105531	0.0	83.33	16.669999999999998
SRX4105532	0.0	63.63999999999999	36.36
SRX4105533	2.32	63.94	33.73
SRX4105534	9.13	34.98	55.88999999999999
SRX4105535	7.5200000000000005	35.709999999999994	56.769999999999996
SRX4105536	5.04	60.699999999999996	34.27
SRX4105537	3.9600000000000004	61.23	34.82
SRX4105538	4.130000000000001	58.17	37.69
SRX4105539	2.76	65.48	31.77
SRX4105540	5.510000000000001	60.36	34.12
SRX4105541	7.090000000000001	36.17	56.74
SRX4105542	4.9799999999999995	43.82	51.2
SRX4105543	6.619999999999999	42.53	50.849999999999994
SRX4105544	5.7	42.230000000000004	52.07000000000001
SRX4105545	6.260000000000001	42.75	50.980000000000004
SRX4105546	2.9000000000000004	54.449999999999996	42.65
SRX4105547	8.219999999999999	52.05	39.73
SRX4105548	7.779999999999999	43.71	48.5
SRX4105549	0.0	33.33	66.67
SRX4105550	8.14	60.47	31.4
SRX4105551	0.0	82.0	18.0
SRX4105552	5.5	62.839999999999996	31.65
SRX4105553	8.33	61.9	29.759999999999998
SRX4105554	5.75	48.28	45.98
SRX4105555	2.48	37.0	60.529999999999994
SRX4105556	4.2299999999999995	42.33	53.44
SRX4105557	5.489999999999999	47.65	46.87
SRX4105558	6.21	45.4	48.39
SRX4105559	2.68	49.3	48.03
SRX4105560	8.59	53.28000000000001	38.129999999999995
SRX4105561	1.6500000000000001	60.99	37.36
SRX4105562	4.0	45.33	50.67
SRX4105563	6.25	48.9	44.85
SRX4105564	6.8500000000000005	51.03	42.120000000000005
SRX4105565	4.9	47.39	47.71
SRX4105566	7.140000000000001	54.97	37.89
SRX4105567	6.54	55.14	38.32
SRX4105568	7.779999999999999	49.44	42.78
SRX5055969	17.53	12.35	70.12
SRX5055970	18.38	10.6	71.02000000000001
SRX5055971	18.54	9.9	71.56
SRX5055972	18.54	11.81	69.65
SRX689242	69.78	10.07	20.150000000000002
SRX7119038	17.53	12.35	70.12
SRX7119039	18.38	10.6	71.02000000000001
SRX7119040	22.33	8.77	68.91000000000001
SRX7119041	18.77	12.58	68.65
SRX8650808	3.2	71.69	25.11
UV_control_1	16.830000000000002	19.5	63.67
UV_control_2	14.46	32.93	52.6
UV_control_3	9.22	43.580000000000005	47.199999999999996
UV_exposure_2	12.33	34.160000000000004	53.5
UV_exposure_3	9.55	49.32	41.13
dark_4h_0110_KO_1	18.61	30.5	50.9
dark_4h_0110_KO_2	17.48	29.82	52.7
dark_4h_0616_KO_1	17.52	19.689999999999998	62.79
dark_4h_0616_KO_2	19.16	28.76	52.07000000000001
dark_4h_1684_KO_1	14.280000000000001	32.519999999999996	53.2
dark_4h_1684_KO_2	14.99	31.009999999999998	54.0
km_LL_1	13.83	38.29	47.88
km_LL_2	15.65	30.91	53.44
km_dark_4h_1	17.560000000000002	26.57	55.879999999999995
km_dark_4h_2	20.0	30.59	49.41
light_0110_KO_1	14.540000000000001	36.02	49.44
light_0110_KO_2	17.36	29.78	52.849999999999994
light_0616_KO_1	16.580000000000002	22.56	60.86
light_0616_KO_2	17.09	26.83	56.08
light_1684_KO_1	15.709999999999999	29.98	54.31
light_1684_KO_2	12.68	29.78	57.54
post_uv_2hrs_1	5.89	51.559999999999995	42.55
post_uv_2hrs_2	18.16	18.2	63.629999999999995
post_uv_2hrs_3	16.28	18.22	65.5
post_uv_control_1	9.76	42.78	47.46
post_uv_control_2	17.34	18.56	64.1
wt_LL_1	12.9	34.81	52.290000000000006
wt_LL_2	13.18	43.8	43.02
wt_dark_4h_1	16.49	29.4	54.11
wt_dark_4h_2	15.76	33.7	50.54
